id,symbol,direction,opened_at,closed_at,entry,exit,stop,final_stop,take_profit,lots,pnl,r,reason,poi_tf,confirmation,confirmation_tf,planned_rr,tp_source,touched_at,confirmed_at,confirmed_close_at,bias_mode,bias_combo,bias_aligned,bias_by_tf,entry_planned,rr_at_fill,lots_planned,poi_x,poi_b_low,poi_b_high,poi_p,stop_p,stop_tf,stop_p_open,stop_p_close,stop_basis,poi_formed,visit,risk_amount,risk_budget,poi_low,poi_high,kronos
P1,GBPUSD,SHORT,2025-10-10 14:40:00,2025-10-10 15:05:00,1.32697,1.32816,1.32816,1.32816,1.32612,7.75,-922.250000000019,-1.0,stop,1H,BS,5m,0.66,1H origin low 1.32612 (31 candles up to the zone's P),2025-10-10 13:00:00,2025-10-10 14:35:00,2025-10-10 14:40:00,full,4H+1H,1D+4H+1H,1M=50/50 1W=50/50 1D=bearish 4H=bearish 1H=bearish,1.32697,0.7142857142857143,7.75,1.32791,1.3278,1.32866,1.32984,1.32816,5m,,,"the high since price last entered the zone, on the 5m (stop_basis=confirmation)",2025-10-10 12:00:00,1,922.250000000019,1000.0,1.3278,1.32984,
P2,GBPUSD,SHORT,2025-10-22 13:45:00,2025-10-22 14:30:00,1.33138,1.334,1.334,1.334,1.32486,3.64,-953.6800000000243,-1.0,stop,4H,BS,15m,2.4,1D sell-side liquidity 1.32486 (x1),2025-10-22 13:00:00,2025-10-22 13:30:00,2025-10-22 13:45:00,full,4H+1H,4H+1H,1M=50/50 1W=50/50 1D=50/50 4H=bearish 1H=bearish,1.33138,2.488549618320578,3.64,1.33607,1.33329,1.33635,1.33866,1.334,15m,,,"the high since price last entered the zone, on the 15m (stop_basis=confirmation)",2025-10-22 09:00:00,1,953.6800000000243,990.7774999999998,1.33329,1.33866,
P3,GBPUSD,SHORT,2025-10-30 14:50:00,2025-10-31 07:00:00,1.31581,1.31354,1.31805,1.31805,1.31354,4.19,951.1299999999977,1.0133928571428457,take_profit,1H,BS,5m,0.97,1H origin low 1.31354 (31 candles up to the zone's P),2025-10-30 14:00:00,2025-10-30 14:45:00,2025-10-30 14:50:00,full,4H+1H,1D+4H+1H,1M=50/50 1W=50/50 1D=bearish 4H=bearish 1H=bearish,1.31581,1.0133928571428457,4.19,1.31398,1.31643,1.3174,1.31852,1.31805,5m,,,"the high since price last entered the zone, on the 5m (stop_basis=confirmation)",2025-10-30 13:00:00,1,938.5600000000085,981.2406999999996,1.31398,1.31852,
P4,GBPUSD,SHORT,2025-11-03 09:55:00,2025-11-03 10:20:00,1.31274,1.31354,1.31354,1.31354,1.30965,11.0,-879.9999999999031,-1.0,stop,1H,BS,5m,3.43,1H origin low 1.30965 (31 candles up to the zone's P),2025-11-03 09:20:00,2025-11-03 09:50:00,2025-11-03 09:55:00,full,4H+1H,1W+4H+1H,1M=50/50 1W=bearish 1D=50/50 4H=bearish 1H=bearish,1.31274,3.862500000000472,11.0,1.31272,1.31383,1.31414,1.31487,1.31346,5m,,,"the high since price last entered the zone, on the 5m (stop_basis=confirmation)",2025-11-03 08:00:00,1,879.9999999999031,990.7519999999997,1.31272,1.31487,
P5,GBPUSD,LONG,2025-12-01 15:55:00,2025-12-01 16:15:00,1.32479,1.32299,1.32299,1.32299,1.32697,5.16,-928.7999999998976,-1.0,stop,1H,BS,5m,1.29,1H origin high 1.32697 (31 candles up to the zone's P),2025-12-01 14:00:00,2025-12-01 15:50:00,2025-12-01 15:55:00,full,4H+1H,1D+4H+1H,1M=50/50 1W=bearish 1D=bullish 4H=bullish 1H=bullish,1.32467,1.2111111111112838,5.51,1.32362,1.32365,1.32593,1.32331,1.32299,5m,,,"the low since price last entered the zone, on the 5m (stop_basis=confirmation)",2025-12-01 13:00:00,1,928.7999999998976,981.9520000000007,1.32331,1.32593,
P6,GBPUSD,LONG,2025-12-03 13:45:00,2025-12-04 14:40:00,1.33138,1.33716,1.32738,1.32738,1.33716,2.37,1369.8599999999753,1.4449999999999728,take_profit,1H,BS,5m,1.48,4H buy-side liquidity 1.33716 (x2),2025-12-03 10:00:00,2025-12-03 13:40:00,2025-12-03 13:45:00,full,4H+1H,1D+4H+1H,1M=50/50 1W=bearish 1D=bullish 4H=bullish 1H=bullish,1.33126,1.4449999999999728,2.44,1.32757,1.32327,1.32352,1.32312,1.32738,5m,,,"the low since price last entered the zone, on the 5m (stop_basis=confirmation)",2025-12-03 09:00:00,1,948.0000000000008,972.6640000000017,1.32312,1.32757,
P7,GBPUSD,SHORT,2025-12-08 14:40:00,2025-12-08 15:15:00,1.33253,1.33158,1.33381,1.33381,1.33158,7.14,678.3000000000045,0.7421875000000352,take_profit,1H,BS,5m,0.69,1H origin low 1.33158 (31 candles up to the zone's P),2025-12-05 18:00:00,2025-12-08 14:35:00,2025-12-08 14:40:00,full,4H+1H,1W+4H+1H,1M=50/50 1W=bearish 1D=bullish 4H=bearish 1H=bearish,1.33253,0.7421875000000352,7.14,1.3325,1.3331,1.33388,1.33433,1.33381,5m,,,"the high since price last entered the zone, on the 5m (stop_basis=confirmation)",2025-12-05 17:00:00,1,913.9199999999627,986.3626000000014,1.3325,1.33433,
P8,GBPUSD,SHORT,2025-12-17 14:30:00,2025-12-17 14:55:00,1.33493,1.33649,1.33649,1.33649,1.32977,5.98,-932.8800000000035,-1.0,stop,4H,BS,15m,3.11,4H origin low 1.32977 (31 candles up to the zone's P),2025-12-17 14:00:00,2025-12-17 14:15:00,2025-12-17 14:30:00,full,4H+1H,4H+1H,1M=50/50 1W=50/50 1D=50/50 4H=bearish 1H=bearish,1.33493,3.3076923076923297,5.98,1.33596,1.33897,1.34149,1.34242,1.33649,15m,,,"the high since price last entered the zone, on the 15m (stop_basis=confirmation)",2025-12-17 06:00:00,1,932.8800000000035,993.1456000000014,1.33596,1.34242,
P9,GBPUSD,LONG,2025-12-22 08:45:00,2025-12-22 14:25:00,1.3418199999999998,1.34463,1.33909,1.33909,1.34463,3.47,975.0700000000699,1.029304029304141,take_profit,1H,BS,5m,1.08,1H buy-side liquidity 1.34463 (x1),2025-12-18 15:15:00,2025-12-22 08:40:00,2025-12-22 08:45:00,full,4H+1H,4H+1H,1M=50/50 1W=50/50 1D=50/50 4H=bullish 1H=bullish,1.3417,1.029304029304141,3.63,1.33788,1.33579,1.3391,1.33479,1.33909,5m,,,"the low since price last entered the zone, on the 5m (stop_basis=confirmation)",2025-12-18 13:00:00,1,947.3099999999652,983.8168000000014,1.33479,1.3391,
P10,GBPUSD,SHORT,2025-12-31 12:10:00,2025-12-31 12:15:00,1.34473,1.34596,1.34596,1.34596,1.34264,7.47,-918.810000000048,-1.0,stop,1H,BS,5m,1.57,1H origin low 1.34264 (31 candles up to the zone's P),2025-12-31 11:10:00,2025-12-31 12:05:00,2025-12-31 12:10:00,full,4H+1H,4H+1H,1M=50/50 1W=50/50 1D=50/50 4H=bearish 1H=bearish,1.34473,1.699186991869769,7.47,1.34495,1.34445,1.34509,1.34652,1.34596,5m,,,"the high since price last entered the zone, on the 5m (stop_basis=confirmation)",2025-12-31 09:00:00,1,918.810000000048,993.567500000002,1.34445,1.34652,
P11,GBPUSD,SHORT,2026-01-08 12:00:00,2026-01-08 13:40:00,1.34441,1.34319,1.34521,1.34521,1.34319,10.93,1333.4599999999987,1.5250000000001664,take_profit,1H,BS,5m,1.36,15m sell-side liquidity 1.34319 (x1),2026-01-08 10:55:00,2026-01-08 11:55:00,2026-01-08 12:00:00,full,4H+1H,4H+1H,1M=50/50 1W=50/50 1D=bullish 4H=bearish 1H=bearish,1.34441,1.5250000000001664,10.93,1.34504,1.34464,1.3452,1.34606,1.34502,5m,,,"the high since price last entered the zone, on the 5m (stop_basis=confirmation)",2026-01-08 08:00:00,1,874.3999999999037,984.3794000000016,1.34464,1.34606,
P12,GBPUSD,LONG,2026-01-20 12:20:00,2026-01-20 12:30:00,1.34648,1.34551,1.34551,1.34551,1.34824,9.32,-904.0399999999211,-1.0,stop,1H,BS,5m,1.98,1H origin high 1.34824 (31 candles up to the zone's P),2026-01-20 09:15:00,2026-01-20 12:15:00,2026-01-20 12:20:00,full,4H+1H,4H+1H,1M=50/50 1W=50/50 1D=bearish 4H=bullish 1H=bullish,1.34636,1.8144329896910922,10.5,1.34466,1.34435,1.3474,1.34254,1.34551,5m,,,"the low since price last entered the zone, on the 5m (stop_basis=confirmation)",2026-01-20 08:00:00,1,904.0399999999211,997.7140000000015,1.34254,1.3474,
P13,GBPUSD,LONG,2026-01-23 12:20:00,2026-01-23 13:15:00,1.35266,1.35344,1.35138,1.35138,1.35344,7.16,558.4800000000021,0.6093750000000271,take_profit,1H,BS,5m,0.71,1H origin high 1.35344 (31 candles up to the zone's P),2026-01-23 11:15:00,2026-01-23 12:15:00,2026-01-23 12:20:00,full,4H+1H,4H+1H,1M=50/50 1W=50/50 1D=50/50 4H=bullish 1H=bullish,1.35254,0.6093750000000271,7.84,1.35083,1.35023,1.35221,1.34983,1.35138,5m,,,"the low since price last entered the zone, on the 5m (stop_basis=confirmation)",2026-01-23 10:00:00,1,916.4799999999627,988.6736000000024,1.34983,1.35221,
P14,GBPUSD,LONG,2026-01-27 09:20:00,2026-01-27 09:50:00,1.36777,1.36913,1.36637,1.36637,1.36913,6.62,900.3200000000185,0.9714285714286983,take_profit,1H,BS,5m,1.07,1H origin high 1.36913 (31 candles up to the zone's P),2026-01-26 17:45:00,2026-01-27 09:15:00,2026-01-27 09:20:00,full,4H+1H,1D+4H+1H,1M=50/50 1W=50/50 1D=bullish 4H=bullish 1H=bullish,1.36765,0.9714285714286983,7.2,1.36769,1.36615,1.36884,1.36579,1.36637,5m,,,"the low since price last entered the zone, on the 5m (stop_basis=confirmation)",2026-01-26 15:00:00,1,926.7999999998981,994.2584000000023,1.36579,1.36884,
P15,GBPUSD,SHORT,2026-02-13 12:00:00,2026-02-13 13:30:00,1.36027,1.36295,1.36295,1.36295,1.33116,3.6,-964.8000000000058,-1.0,stop,1D,BS,1H,10.47,1D origin low 1.33116 (31 candles up to the zone's P),2026-02-06 17:50:00,2026-02-13 11:00:00,2026-02-13 12:00:00,full,4H+1H,4H+1H,1M=50/50 1W=50/50 1D=50/50 4H=bearish 1H=bearish,1.36027,10.86194029850747,3.6,1.36232,1.37154,1.37424,1.38149,1.36295,1H,,,"the high since price last entered the zone, on the 1H (stop_basis=confirmation)",2026-02-04 22:00:00,1,964.8000000000058,1003.2616000000025,1.36232,1.38149,
P16,GBPUSD,SHORT,2026-02-19 12:00:00,2026-02-22 23:35:00,1.34657,1.35166,1.35166,1.35166,1.33436,1.91,-972.1900000000073,-1.0,stop,1D,BS,1H,2.35,1D origin low 1.33436 (31 candles up to the zone's P),2026-02-19 07:45:00,2026-02-19 11:00:00,2026-02-19 12:00:00,full,4H+1H,1D+4H+1H,1M=50/50 1W=50/50 1D=bearish 4H=bearish 1H=bearish,1.34657,2.3988212180746484,1.91,1.35087,1.35822,1.36254,1.36348,1.35166,1H,,,"the high since price last entered the zone, on the 1H (stop_basis=confirmation)",2026-02-17 22:00:00,1,972.1900000000073,993.6136000000025,1.35087,1.36348,
P17,GBPUSD,LONG,2026-02-23 09:45:00,2026-02-23 10:10:00,1.3516,1.35053,1.35053,1.35053,1.3533,8.4,-898.7999999999197,-1.0,stop,1H,BS,5m,1.73,1H origin high 1.35330 (31 candles up to the zone's P),2026-02-23 01:10:00,2026-02-23 09:40:00,2026-02-23 09:45:00,full,4H+1H,4H+1H,1M=50/50 1W=50/50 1D=bearish 4H=bullish 1H=bullish,1.35148,1.5887850467291464,9.37,1.35166,1.34974,1.35196,1.34869,1.35053,5m,,,"the low since price last entered the zone, on the 5m (stop_basis=confirmation)",2026-02-23 00:00:00,1,898.7999999999197,983.8917000000024,1.34869,1.35196,
P18,GBPUSD,SHORT,2026-02-27 14:50:00,2026-02-27 15:00:00,1.34623,1.34489,1.34765,1.34765,1.34489,6.41,858.9400000000762,0.943661971831085,take_profit,1H,BS,5m,0.88,1H origin low 1.34489 (31 candles up to the zone's P),2026-02-26 19:00:00,2026-02-27 14:45:00,2026-02-27 14:50:00,full,4H+1H,1D+4H+1H,1M=50/50 1W=50/50 1D=bearish 4H=bearish 1H=bearish,1.34623,0.943661971831085,6.41,1.34908,1.34692,1.34961,1.35034,1.34765,5m,,,"the high since price last entered the zone, on the 5m (stop_basis=confirmation)",2026-02-26 18:00:00,1,910.2199999999851,974.9037000000033,1.34692,1.35034,
P19,GBPUSD,SHORT,2026-03-03 14:45:00,2026-03-03 15:15:00,1.32865,1.32623,1.33138,1.33138,1.32623,3.47,839.7400000000308,0.8864468864469517,take_profit,4H,BS,15m,0.86,1H sell-side liquidity 1.32623 (x1),2026-03-03 12:10:00,2026-03-03 14:30:00,2026-03-03 14:45:00,full,4H+1H,1D+4H+1H,1M=50/50 1W=bullish 1D=bearish 4H=bearish 1H=bearish,1.32865,0.8864468864469517,3.47,1.33137,1.3366,1.33964,1.34121,1.33138,15m,,,"the high since price last entered the zone, on the 15m (stop_basis=confirmation)",2026-03-03 06:00:00,1,947.3099999999652,983.493100000004,1.33137,1.34121,
P20,GBPUSD,SHORT,2026-03-09 08:05:00,2026-03-09 09:30:00,1.33381,1.33509,1.33509,1.33509,1.32973,7.18,-919.040000000122,-1.0,stop,1H,BS,5m,2.96,1H origin low 1.32973 (31 candles up to the zone's P),2026-03-09 00:30:00,2026-03-09 08:00:00,2026-03-09 08:05:00,full,4H+1H,1D+4H+1H,1M=50/50 1W=bullish 1D=bearish 4H=bearish 1H=bearish,1.33381,3.187499999999469,7.18,1.3311,1.33536,1.33784,1.34153,1.33509,5m,,,"the high since price last entered the zone, on the 5m (stop_basis=confirmation)",2026-03-08 23:00:00,1,919.040000000122,991.8905000000044,1.3311,1.34153,
P21,GBPUSD,LONG,2026-03-10 09:45:00,2026-03-10 10:15:00,1.34689,1.34468,1.34468,1.34468,1.34831,4.25,-939.2499999999249,-1.0,stop,1H,BS,5m,0.7,15m buy-side liquidity 1.34831 (x1),2026-03-10 07:00:00,2026-03-10 09:40:00,2026-03-10 09:45:00,full,4H+1H,1W+4H+1H,1M=50/50 1W=bullish 1D=bearish 4H=bullish 1H=bullish,1.34677,0.6425339366516246,4.48,1.34482,1.34283,1.34354,1.3424,1.34468,5m,,,"the low since price last entered the zone, on the 5m (stop_basis=confirmation)",2026-03-10 06:00:00,1,939.2499999999249,982.7001000000032,1.3424,1.34482,
P22,GBPUSD,LONG,2026-03-10 13:15:00,2026-03-10 19:40:00,1.34551,1.34132,1.34132,1.34132,1.34831,2.26,-946.9399999999808,-1.0,stop,4H,BS,15m,0.7,1H buy-side liquidity 1.34831 (x1),2026-03-10 03:45:00,2026-03-10 13:00:00,2026-03-10 13:15:00,full,4H+1H,1W+4H+1H,1M=50/50 1W=bullish 1D=bearish 4H=bullish 1H=bullish,1.34539,0.6682577565632386,2.33,1.34153,1.33631,1.33821,1.3346,1.34132,15m,,,"the low since price last entered the zone, on the 15m (stop_basis=confirmation)",2026-03-09 17:00:00,1,946.9399999999808,973.3076000000038,1.3346,1.34153,
P23,GBPUSD,LONG,2026-04-06 12:50:00,2026-04-06 14:50:00,1.3243099999999999,1.32583,1.32324,1.32324,1.32583,8.23,1250.9600000001547,1.420560747663854,take_profit,1H,BS,5m,1.56,1H origin high 1.32583 (31 candles up to the zone's P),2026-04-06 10:50:00,2026-04-06 12:45:00,2026-04-06 12:50:00,full,4H+1H,4H+1H,1M=50/50 1W=bearish 1D=bearish 4H=bullish 1H=bullish,1.32419,1.420560747663854,9.17,1.32423,1.32263,1.32461,1.32092,1.32324,5m,,,"the low since price last entered the zone, on the 5m (stop_basis=confirmation)",2026-04-06 09:00:00,1,880.6099999999213,963.838200000004,1.32092,1.32461,
P24,GBPUSD,LONG,2026-04-27 08:00:00,2026-04-27 08:05:00,1.3536599999999999,1.35442,1.3524,1.3524,1.35442,7.17,544.9200000000674,0.6031746031747655,take_profit,4H,BS,15m,0.71,4H origin high 1.35442 (31 candles up to the zone's P),2026-04-26 22:00:00,2026-04-27 07:45:00,2026-04-27 08:00:00,full,4H+1H,4H+1H,1M=50/50 1W=50/50 1D=bearish 4H=bullish 1H=bullish,1.35354,0.6031746031747655,7.87,1.35179,1.35195,1.3527,1.35082,1.3524,15m,,,"the low since price last entered the zone, on the 15m (stop_basis=confirmation)",2026-04-24 21:00:00,1,903.4199999998687,976.3478000000055,1.35082,1.3527,
P25,GBPUSD,SHORT,2026-04-29 08:30:00,2026-04-29 11:00:00,1.35014,1.35094,1.35094,1.35094,1.34628,10.9,-872.000000000146,-1.0,stop,1H,BS,5m,4.29,1H origin low 1.34628 (31 candles up to the zone's P),2026-04-29 08:05:00,2026-04-29 08:25:00,2026-04-29 08:30:00,full,4H+1H,1D+4H+1H,1M=50/50 1W=50/50 1D=bearish 4H=bearish 1H=bearish,1.35014,4.82499999999916,10.9,1.35085,1.35072,1.35104,1.35131,1.3508,5m,,,"the high since price last entered the zone, on the 5m (stop_basis=confirmation)",2026-04-29 07:00:00,1,872.000000000146,981.7970000000063,1.35072,1.35131,
P26,GBPUSD,SHORT,2026-05-04 07:40:00,2026-05-06 05:30:00,1.35884,1.35884,1.35981,1.35884,1.34924,9.09,-0.0,-0.0,breakeven,1H,BS,5m,8.97,1H origin low 1.34924 (31 candles up to the zone's P),2026-05-03 22:00:00,2026-05-04 07:35:00,2026-05-04 07:40:00,full,4H+1H,4H+1H,1M=50/50 1W=50/50 1D=bullish 4H=bearish 1H=bearish,1.35884,9.896907216495764,9.09,1.35915,1.36015,1.36138,1.36228,1.35981,5m,,,"the high since price last entered the zone, on the 5m (stop_basis=confirmation)",2026-05-01 19:00:00,1,881.729999999923,973.0770000000048,1.35915,1.36228,
P27,GBPUSD,LONG,2026-05-21 13:35:00,2026-05-21 14:05:00,1.34245,1.34115,1.34115,1.34115,1.34403,6.95,-903.4999999999005,-1.0,stop,1H,BS,5m,1.33,1H origin high 1.34403 (31 candles up to the zone's P),2026-05-21 03:40:00,2026-05-21 13:30:00,2026-05-21 13:35:00,full,4H+1H,4H+1H,1M=50/50 1W=50/50 1D=bearish 4H=bullish 1H=bullish,1.34233,1.2153846153848544,7.6,1.34064,1.34061,1.3421,1.33829,1.34115,5m,,,"the low since price last entered the zone, on the 5m (stop_basis=confirmation)",2026-05-20 16:00:00,1,903.4999999999005,973.0770000000048,1.33829,1.3421,
P28,GBPUSD,LONG,2026-05-25 08:00:00,2026-05-28 04:15:00,1.3487099999999999,1.33915,1.33915,1.33915,1.36531,0.99,-946.4399999999792,-1.0,stop,4H,BS,15m,1.75,4H origin high 1.36531 (31 candles up to the zone's P),2026-05-19 08:00:00,2026-05-25 07:45:00,2026-05-25 08:00:00,full,4H+1H,4H+1H,1M=50/50 1W=50/50 1D=bearish 4H=bullish 1H=bullish,1.34859,1.7364016736402232,1.01,1.33931,1.33184,1.33467,1.33128,1.33915,15m,,,"the low since price last entered the zone, on the 15m (stop_basis=confirmation)",2026-05-18 13:00:00,1,946.4399999999792,964.0420000000058,1.33128,1.33931,
P29,GBPUSD,LONG,2026-06-12 14:35:00,2026-06-17 15:45:00,1.3410499999999999,1.33893,1.33893,1.33893,1.34831,4.29,-909.4799999999569,-1.0,stop,4H,BS,15m,3.89,4H origin high 1.34831 (31 candles up to the zone's P),2026-06-12 01:00:00,2026-06-12 14:15:00,2026-06-12 14:30:00,full,4H+1H,4H+1H,1M=50/50 1W=50/50 1D=bearish 4H=bullish 1H=bullish,1.34077,3.4245283018869754,4.92,1.34107,1.33676,1.34037,1.33263,1.33893,15m,,,"the low since price last entered the zone, on the 15m (stop_basis=confirmation)",2026-06-11 21:00:00,1,909.4799999999569,954.5776000000061,1.33263,1.34107,
P30,GBPUSD,SHORT,2026-06-18 07:00:00,2026-06-19 05:40:00,1.32991,1.3177,1.34429,1.34429,1.3177,0.65,793.6499999999891,0.8490959666202907,take_profit,1D,BS,1H,0.84,1D origin low 1.31770 (31 candles up to the zone's P),2026-05-18 16:35:00,2026-06-18 06:00:00,2026-06-18 07:00:00,full,4H+1H,1D+4H+1H,1M=50/50 1W=50/50 1D=bearish 4H=bearish 1H=bearish,1.32991,0.8490959666202907,0.65,1.34542,1.34057,1.34846,1.3533,1.34429,1H,,,"the high since price last entered the zone, on the 1H (stop_basis=confirmation)",2026-05-14 21:00:00,1,934.7000000000039,945.4828000000066,1.34057,1.3533,
P31,GBPUSD,SHORT,2026-06-22 08:30:00,2026-06-22 10:45:00,1.32012,1.32336,1.32336,1.32336,1.31627,2.85,-923.4000000000375,-1.0,stop,1H,BS,5m,1.15,1H origin low 1.31627 (31 candles up to the zone's P),2026-06-21 23:00:00,2026-06-22 08:25:00,2026-06-22 08:30:00,full,4H+1H,4H+1H,1M=50/50 1W=50/50 1D=50/50 4H=bearish 1H=bearish,1.32012,1.1882716049381952,2.85,1.32135,1.32006,1.32287,1.32379,1.32336,5m,,,"the high since price last entered the zone, on the 5m (stop_basis=confirmation)",2026-06-21 22:00:00,1,923.4000000000375,953.4193000000065,1.32006,1.32379,
P32,GBPUSD,SHORT,2026-06-25 14:00:00,2026-06-25 14:20:00,1.31761,1.31865,1.31865,1.31865,1.31398,8.28,-861.1200000001257,-1.0,stop,1H,BS,5m,3.18,1H origin low 1.31398 (31 candles up to the zone's P),2026-06-25 13:30:00,2026-06-25 13:55:00,2026-06-25 14:00:00,full,4H+1H,1D+4H+1H,1M=50/50 1W=50/50 1D=bearish 4H=bearish 1H=bearish,1.31761,3.490384615384127,8.28,1.31673,1.31689,1.31829,1.31852,1.31865,5m,,,"the high since price last entered the zone, on the 5m (stop_basis=confirmation)",2026-06-25 12:00:00,1,861.1200000001257,944.1853000000061,1.31673,1.31852,
P33,GBPUSD,LONG,2026-07-01 11:20:00,2026-07-01 14:10:00,1.32533,1.32287,1.32287,1.32287,1.32754,3.65,-897.899999999966,-1.0,stop,1H,BS,5m,0.95,1H origin high 1.32754 (31 candles up to the zone's P),2026-06-30 17:00:00,2026-07-01 11:15:00,2026-07-01 11:20:00,full,4H+1H,1M+4H+1H,1M=bullish 1W=50/50 1D=bearish 4H=bullish 1H=bullish,1.32521,0.8983739837398899,3.83,1.32397,1.32316,1.32551,1.32142,1.32287,5m,,,"the low since price last entered the zone, on the 5m (stop_basis=confirmation)",2026-06-30 16:00:00,1,897.899999999966,935.5741000000048,1.32142,1.32551,
P34,GBPUSD,LONG,2026-07-03 08:30:00,2026-07-03 08:40:00,1.3372,1.33625,1.33625,1.33625,1.33827,8.82,-837.9000000000057,-1.0,stop,1H,BS,5m,1.28,1H origin high 1.33827 (31 candles up to the zone's P),2026-07-02 15:35:00,2026-07-03 08:25:00,2026-07-03 08:30:00,full,4H+1H,1M+4H+1H,1M=bullish 1W=50/50 1D=50/50 4H=bullish 1H=bullish,1.33708,1.1263157894738096,9.96,1.33628,1.3333,1.33525,1.3297,1.33625,5m,,,"the low since price last entered the zone, on the 5m (stop_basis=confirmation)",2026-07-02 14:00:00,1,837.9000000000057,926.5951000000052,1.3297,1.33628,
P35,GBPUSD,LONG,2026-07-10 13:15:00,2026-07-10 14:55:00,1.3429499999999999,1.34082,1.34082,1.34082,1.34514,4.11,-875.4299999999859,-1.0,stop,4H,BS,15m,1.09,4H origin high 1.34514 (31 candles up to the zone's P),2026-07-10 09:00:00,2026-07-10 13:00:00,2026-07-10 13:15:00,full,4H+1H,1M+4H+1H,1M=bullish 1W=50/50 1D=50/50 4H=bullish 1H=bullish,1.34283,1.0281690140845878,4.35,1.34306,1.34132,1.34201,1.34083,1.34082,15m,,,"the low since price last entered the zone, on the 15m (stop_basis=confirmation)",2026-07-10 05:00:00,1,875.4299999999859,918.2161000000051,1.34083,1.34306,
P36,GBPUSD,LONG,2026-07-20 08:05:00,2026-07-20 08:40:00,1.34672,1.34805,1.34572,1.34572,1.34805,8.26,1098.580000000044,1.3300000000002,take_profit,1H,BS,5m,1.48,1H origin high 1.34805 (31 candles up to the zone's P),2026-07-20 07:30:00,2026-07-20 08:00:00,2026-07-20 08:05:00,full,1M+1W+1D,1M+1W+1D+1H,1M=bullish 1W=bullish 1D=bullish 4H=bearish 1H=bullish,1.3466,1.3300000000002,9.28,1.34597,1.3445,1.34484,1.34428,1.34572,5m,,,"the low since price last entered the zone, on the 5m (stop_basis=confirmation)",2026-07-20 04:00:00,1,825.999999999909,909.4618000000052,1.34428,1.34597,
P37,GBPUSD,LONG,2026-07-30 14:45:00,2026-07-30 16:40:00,1.34153,1.34554,1.33361,1.33361,1.34554,1.14,457.1400000000079,0.5063131313131447,take_profit,1H,BS,5m,0.52,1H buy-side liquidity 1.34554 (x1),2026-07-29 21:00:00,2026-07-30 14:40:00,2026-07-30 14:45:00,full,4H+1H,1M+1W+4H+1H,1M=bullish 1W=bullish 1D=bearish 4H=bullish 1H=bullish,1.34141,0.5063131313131447,1.16,1.33041,1.33066,1.33459,1.32897,1.33361,5m,,,"the low since price last entered the zone, on the 5m (stop_basis=confirmation)",2026-07-29 20:00:00,1,902.8799999999915,920.4476000000057,1.32897,1.33459,
P38,GBPUSD,LONG,2026-08-06 14:20:00,2026-08-06 14:55:00,1.34703,1.34767,1.34611,1.34611,1.34767,9.06,579.8399999999764,0.6956521739129911,take_profit,1H,BS,5m,0.84,1H origin high 1.34767 (31 candles up to the zone's P),2026-08-03 04:00:00,2026-08-06 14:15:00,2026-08-06 14:20:00,full,4H+1H,1M+1W+4H+1H,1M=bullish 1W=bullish 1D=50/50 4H=bullish 1H=bullish,1.34691,0.6956521739129911,10.27,1.34677,1.3433,1.34537,1.34022,1.34643,5m,,,"the low since price last entered the zone, on the 5m (stop_basis=confirmation)",2026-07-31 18:00:00,1,833.5200000000289,925.0190000000058,1.34022,1.34677,
P39,GBPUSD,LONG,2026-08-14 07:35:00,2026-08-14 12:40:00,1.35021,1.35408,1.34792,1.34792,1.35408,3.89,1505.4300000000155,1.6899563318778181,take_profit,1H,BS,5m,1.76,1H origin high 1.35408 (31 candles up to the zone's P),2026-08-13 14:30:00,2026-08-14 07:30:00,2026-08-14 07:35:00,full,1M+1W+1D,1M+1W+1D+1H,1M=bullish 1W=bullish 1D=bullish 4H=50/50 1H=bullish,1.35009,1.6899563318778181,4.1,1.35005,1.34833,1.34885,1.34751,1.34792,5m,,,"the low since price last entered the zone, on the 5m (stop_basis=confirmation)",2026-08-13 13:00:00,1,890.8099999999624,930.8174000000056,1.34751,1.35005,
P40,GBPUSD,LONG,2026-08-20 13:45:00,2026-08-20 17:30:00,1.36394,1.36254,1.36254,1.36254,1.36536,6.3,-881.9999999999029,-1.0,stop,1H,BS,5m,1.12,1D buy-side liquidity 1.36536 (x1),2026-08-20 12:45:00,2026-08-20 13:40:00,2026-08-20 13:45:00,full,1M+1D+1H,1M+1D+4H+1H,1M=bullish 1W=50/50 1D=bullish 4H=bullish 1H=bullish,1.36382,1.0142857142858095,6.85,1.363,1.36166,1.36228,1.36085,1.36254,5m,,,"the low since price last entered the zone, on the 5m (stop_basis=confirmation)",2026-08-20 09:00:00,1,881.9999999999029,945.8717000000058,1.36085,1.363,
P41,GBPUSD,LONG,2026-08-21 12:30:00,2026-08-21 15:35:00,1.3663699999999999,1.36204,1.36204,1.36204,1.37124,2.11,-913.6299999999883,-1.0,stop,4H,BS,15m,1.16,1D buy-side liquidity 1.37124 (x1),2026-08-20 13:00:00,2026-08-21 12:15:00,2026-08-21 12:30:00,full,4H+1H,1M+4H+1H,1M=bullish 1W=50/50 1D=50/50 4H=bullish 1H=bullish,1.36625,1.124711316397278,2.17,1.363,1.36146,1.36228,1.35996,1.36204,15m,,,"the low since price last entered the zone, on the 15m (stop_basis=confirmation)",2026-08-20 09:00:00,1,913.6299999999883,937.0517000000068,1.35996,1.363,
P42,GBPUSD,LONG,2026-09-09 14:05:00,2026-09-09 16:05:00,1.35554,1.35462,1.35462,1.35462,1.35677,9.09,-836.280000000029,-1.0,stop,1H,BS,5m,1.5,15m buy-side liquidity 1.35677 (x2),2026-09-08 14:00:00,2026-09-09 14:00:00,2026-09-09 14:05:00,full,4H+1H,1M+1W+4H+1H,1M=bullish 1W=bullish 1D=50/50 4H=bullish 1H=bullish,1.35542,1.3369565217391541,10.31,1.35525,1.35382,1.35419,1.35221,1.35472,5m,,,"the low since price last entered the zone, on the 5m (stop_basis=confirmation)",2026-09-08 13:00:00,1,836.280000000029,927.9154000000069,1.35221,1.35525,
P43,GBPUSD,LONG,2026-09-10 11:05:00,2026-09-10 12:05:00,1.3552499999999998,1.35342,1.35342,1.35342,1.35677,4.76,-871.0799999998935,-1.0,stop,1H,BS,5m,0.91,1H origin high 1.35677 (31 candles up to the zone's P),2026-09-09 14:00:00,2026-09-10 11:00:00,2026-09-10 11:05:00,full,4H+1H,1M+1W+4H+1H,1M=bullish 1W=bullish 1D=50/50 4H=bullish 1H=bullish,1.35513,0.8306010928963791,5.08,1.35594,1.35418,1.35472,1.35347,1.35342,5m,,,"the low since price last entered the zone, on the 5m (stop_basis=confirmation)",2026-09-09 13:00:00,1,871.0799999998935,919.5526000000067,1.35347,1.35594,
